0
0
0
0
2.5
6
6
6
6
6
6
6
6
7.6
7.6
19.2
31
42.8
52.8
55.3
55.3
55.3
55.3
55.3
55.3
55.3
55.3
55.3
55.3
55.3
55.3
55.3
55.3
55.3
55.3
55.3
55.3
55.3
55.3
55.3
55.3
55.3
55.3
55.3
55.3
55.3
55.3
55.3
55.3
55.3
55.3
55.3
55.3
55.3
55.3
55.3
55.3
55.3
55.3
55.3
55.3
55.3
55.3
55.3
55.3
55.3
55.3
55.3
55.3
55.3
55.3
55.3
55.3
55.3
55.3
55.3
55.3
55.3
55.3
55.3
55.3
55.3
55.3
55.3
55.3
55.3
55.3
55.3
55.3
55.3
55.3
55.3
55.3
55.3
55.3
55.3
55.3
55.3
55.3
55.3
57.3
57.8
58.9
58.8
59.3
59.8
60.3
60.8
61.3
61.8
62.3
62.5
62.8
63.1
63.5
63.7
63.6
63.6
63.6
63.6
63.6
63.6
63.6
63.6
63.6
63.6
63.6
63.6
63.6
63.6
63.6
63.6
63.6
63.7
63.9
64
64
64
64
64
64.1
64
64.1
64.1
64.1
64.2
64.4
64.6
64.6
64.7
64.8
64.9
65
65.1
65.1
65.1
65.2
65.2
65.5
65.6
65.8
65.8
65.8
65.9
66
66.1
66.2
66.3
66.4
66.6
66.9
66.9
66.9
67
67
67.1
67.2
67.3
67.3
67.4
67.5
67.6
67.7
67.8
67.8
67.8
67.8
67.8
67.8
67.8
67.8
67.9
67.9
68.1
68.3
68.2
68.3
68.3
68.3
68.4
68.4
68.5
68.4
68.5
68.5
68.6
68.6
68.7
68.7
68.8
68.8
68.9
69
69
69.1
69.2
69.3
69.4
69.4
69.5
69.5
69.5
69.6
69.6
69.7
69.8
69.9
69.9
69.9
69.9
69.9
70
70
70.1
70.1
70.1
70.1
70.1
70.2
70.3
70.3
70.3
0
0.3
2.8
7.3
11.5
13.8
14.8
16.4
0
0
0
0.2
0
0
0
0
0
0
0
0
0
0
0
0
0
0
0
0
0
0
0
0
0
0
0
0
0
0
0
0
0
0
0
0
0
0
0
0
0
0
0
0
0
0
0
0
0
0
0
0
0
0
0
0
0
0
0
0
0
0
0
0
0
0
0
0
0
0
0
0
0
0
0
0
0
0
0
0
0
0
0
0
0
0
0
0
0
0
0
0
0
0
0
0
0
0
0
0
0
0
0
0
0
0
0
0
0
0
0
0
0
0
0
0
0
0
0
0
0
0
0
0
0
0
0
0
0
0
0
0
0
0
0
0
0
0
0
0
0
0
0
0
0
0
0
0
0
0
0
0
0
0
0
0
0
0
0
0
0
0
0
0
0
0
0
0
0
0
0
0
0
0
0
0
0
0
0
0
0
0
0
0
0
0
0
0
0
0
0
0
0
0
0
0
0
0
0
0
0
0
0
0
0
0
0
0
0
0
0
0
0
0
0
0
0
0
0
0
0
0
0
0
0
0
0
0
0
0
0
0
0
0
0
0
0
0
0
0
0
0
0
0
0
0
0
0
0
0
0
0
0
0
0
0
0
0
0
0
0
0
0
0
0
0
0
0
0
0
0
0
0
0
0
0
0
0
0
0
0
0
0
0
0
0
0
0
0
0
0
0
0
0
0
0
0
0
0
0
0
0
0
0
0
0
0
0
0
0
0
0
0
0
0
0
0
0
0
0
0
0
0
0
0
0
0
0
0
0
0
0
0
0
0
0
0
0
0
0
0
0
0
0
0
0
0
0
0
0
0
0
0
0
0
0
0
0
0
0
0
0
0
0
0
0
0
0
0
0
0
0
0
0
0
0
0
0
0
0
0
0
0
0
0
0
0
0
0
0
0
0
0
0
0
0
0
0
0
0
0
0
0
0
0
0
0
0
0
0
0
0
0
0
0
0
0
0
0
0
0
0
0
0
0
0
0
0
0
0
