0
0
0
0.7
6
6
6
6
6
6
6
6
6
6
7.6
8.4
20.1
31.8
43.5
53
55.3
55.3
55.3
55.3
55.3
55.3
55.3
55.3
55.3
55.3
55.3
55.3
55.3
55.3
55.3
55.3
55.3
55.3
55.3
55.3
55.3
55.3
55.3
55.3
55.3
55.3
55.3
55.3
55.3
55.3
55.3
55.3
55.3
55.3
55.3
55.3
55.3
55.3
55.3
55.3
55.3
55.3
55.3
55.3
55.3
55.3
55.3
55.3
55.3
55.3
55.3
55.3
55.3
55.3
55.3
55.3
55.3
55.3
55.3
55.3
55.3
55.3
55.3
55.3
55.3
55.3
55.3
55.3
55.3
55.3
55.3
55.3
57.8
58.7
58.5
59.1
59.8
60.6
60.8
61.5
62.3
63
63.2
63.6
63.6
63.6
63.6
63.6
63.6
63.6
63.6
63.6
63.6
63.6
63.6
63.6
63.7
63.7
63.7
63.7
63.7
63.7
63.7
63.7
63.7
63.7
63.7
63.7
63.7
63.7
63.7
63.7
63.7
63.7
63.7
63.8
63.8
63.8
63.8
63.8
63.8
63.8
63.8
63.9
63.9
63.9
63.9
63.9
63.9
63.8
63.8
63.8
63.8
63.8
63.9
63.8
63.8
63.8
63.8
63.8
63.8
63.8
63.8
63.8
63.9
63.9
63.9
63.9
63.9
63.9
63.9
63.9
63.9
63.9
64
64
64
64.1
64.1
64.1
64.1
64.2
64.2
64.2
64.2
64.2
64.3
64.4
64.4
64.4
64.4
64.5
64.5
64.6
64.6
64.6
64.5
64.5
64.5
64.6
64.6
64.6
64.6
64.6
64.6
64.6
64.6
64.6
64.6
64.6
64.6
64.6
64.6
64.6
64.6
64.6
64.6
64.6
64.6
64.6
64.6
64.6
64.7
64.7
64.7
64.7
64.7
64.7
64.7
64.7
64.7
64.7
64.7
64.7
64.7
64.7
64.8
64.8
64.8
64.8
64.9
64.9
64.9
64.9
64.9
65
65
65
65
65
65
65
65
65
65
65
65
65
65
65
65
65.1
65.1
65.1
65.1
65.1
65.1
65.1
65.1
65.1
65.1
65.1
65.1
65.1
65.1
65.1
65.1
65.1
65.1
65.1
65.1
65.1
65.1
65.2
65.2
65.2
65.2
65.2
65.2
65.2
65.2
65.2
65.2
65.2
65.2
65.2
65.2
65.3
65.3
65.3
65.3
65.3
65.3
65.3
65.3
65.3
65.3
65.3
65.3
65.3
65.4
65.4
65.4
65.4
65.4
65.4
65.4
65.4
65.4
65.4
65.4
65.4
65.5
65.5
65.5
65.5
65.5
65.5
65.5
65.5
65.5
65.5
65.5
65.5
65.5
65.5
65.5
65.5
65.5
65.5
65.5
65.5
65.5
65.5
65.5
65.5
65.5
65.5
65.5
65.5
65.5
65.5
65.5
65.5
65.5
65.5
65.5
65.5
65.5
65.6
65.6
65.6
65.6
65.6
65.6
65.6
65.6
65.6
65.6
65.6
65.6
65.6
65.6
65.6
65.6
65.6
65.6
65.7
65.7
65.7
65.7
65.7
65.7
65.7
65.7
65.7
65.7
65.7
65.7
65.7
65.7
65.8
65.8
65.8
65.8
65.8
65.8
65.8
65.8
65.8
65.8
65.8
65.8
65.8
65.8
65.8
65.8
65.8
65.9
65.9
65.9
65.9
65.9
65.9
65.9
65.9
65.9
65.9
65.9
66
66
66
66
66
66
66
66
66
66
66
66
66
66
66
66.1
66.1
66.1
66.1
66.1
66.1
66.1
66.1
66.1
66.1
66.1
66.1
66.1
66.1
66.1
66.1
66.1
66.2
66.2
66.2
66.2
66.2
66.2
66.2
66.2
66.2
66.2
66.2
66.2
66.2
66.2
66.2
66.2
66.2
66.2
66.2
66.3
66.3
66.3
66.4
66.4
66.4
66.4
66.4
66.4
66.5
66.5
66.5
66.5
66.5
66.5
66.5
66.5
66.5
66.5
66.5
66.5
66.5
66.5
66.5
66.6
66.6
66.6
66.6
66.6
66.6
66.6
66.6
66.6
66.6
66.6
66.6
66.6
66.7
66.7
66.7
66.7
66.7
66.7
66.7
66.7
66.7
66.8
66.8
66.8
66.8
66.8
66.8
66.8
66.8
66.8
66.8
66.8
66.8
66.8
66.8
66.8
66.8
66.8
66.8
66.8
66.9
66.9
66.9
66.9
66.9
66.9
66.9
66.9
66.9
66.9
66.9
66.9
66.9
66.9
66.9
66.9
66.9
66.9
66.9
66.9
66.9
66.9
66.9
66.9
66.9
66.9
66.9
66.9
66.9
66.9
66.9
66.9
66.9
66.9
66.9
66.9
66.9
66.9
66.9
66.9
66.9
66.9
66.9
66.9
66.9
66.9
66.9
66.9
66.9
66.9
66.9
66.9
66.9
66.9
66.9
66.9
66.9
66.9
66.9
66.9
66.9
66.9
66.9
66.9
66.9
66.9
66.9
66.9
66.9
66.9
66.9
66.9
66.9
66.9
66.9
66.9
66.9
66.9
66.9
66.9
66.9
66.9
0
0
1.2
2
2.2
2.4
2.7
3.1
3.3
3.3
3.3
3.3
3.3
3.3
3.3
3.3
3.4
3.5
3.5
3.6
3.6
3.8
3.8
3.8
4
4.1
4.3
4.3
4.3
4.3
4.3
0.1
0.1
0.1
0
0
0
0
0
0
0
0
0
0
0
0
0
0
0
0
0
0
0
0
0
0
0
0
0
0
0
0
0
0
0
0
0
0
0
0
0
0
0
0
0
0
0
0
0
0
0
0
0
0
0
0
0
0
0
0
0
0
0
0
0
0
0
0
0
0
0
0
0
0
0
0
0
0
0
0
0
0
0
0
0
0
0
0
0
0
0
0
0
0
0
0
0
0
0
0
0
0
0
0
0
0
0
0
0
0
0
0
0
0
0
0
0
0
0
0
0
0
0
0
0
0
0
0
0
0
0
0
0
0
0
0
0
0
0
0
0
0
0
0
0
0
0
0
0
0
0
0
0
0
