0
0
0.6
15.4
24.4
37.3
38.8
1.9
24.2
38.2
0.2
16.7
31.2
38.2
0.4
7.6
18
37.9
1.6
14.8
36.3
38.6
0
19.3
24.9
33.2
40.7
46.3
51.1
57
65.7
66.3
21
28.1
35.4
26.4
33.1
0.8
3.5
19.9
26.8
35
42.4
47.6
52.4
57.8
62.9
57.5
63.5
68.8
61.1
58.8
58.5
57.6
58.9
0
17.6
22.5
30.4
38.8
45.1
50.2
57.4
63.3
57.7
21.8
28.2
35.2
41.7
48.2
52.1
0.2
0.5
0.8
0.6
0.6
0.9
5.4
24.4
18.4
0
14.4
22.8
31.8
39.9
45.9
53.5
60.8
68.2
60
21.5
28.7
27
33.7
40.7
0
15.4
21.5
29.5
37.8
44.6
50
55.2
63
64.6
58.3
62.1
26.3
33.4
39.6
45.8
0.8
0.8
0.6
0.6
0.7
0.2
8.7
2.8
10.6
12.2
0.5
0.1
0.2
0.4
0.4
4.4
15.4
0
19.5
25.8
34.6
42.8
49.8
58
64.7
58.2
57.1
21.6
29.2
36.3
43.6
0
3
19.8
26.8
32.8
40.8
47.2
54.8
63.3
67.5
58.2
65.7
63.7
54.2
23.2
30.2
0
16.3
22.5
31
38.5
0.6
0.8
0.6
0.6
0.5
0.2
9.1
21.7
23
0.3
0
16.8
22.4
30.5
38.5
42.1
47.3
53.6
57.7
65.2
20.2
26.9
33.2
39.5
45.4
50.5
0
0
0
15.8
22.1
30.2
38.7
45.2
50.3
56.8
60
68.3
64
56.9
59.7
59.5
0
0
4
19.8
26.5
35.4
42.5
47.8
53.8
61.1
68.9
61.8
22.8
29.5
36.6
42.6
48.8
0.8
7
21.2
29.3
38.2
44.4
49.3
56
60.3
68.5
59
59.8
26.6
32.3
38.4
45.4
0.2
0.6
0.8
0.7
0.7
0.3
0.6
5.6
25.4
20.4
0.3
0
0.2
0.3
0.4
0.3
4.8
9.3
0
0
0
0
0
0
0
0
0
0
0
0
0
0
0
0
0
0
0
0
0
0
0
0
0
0
0.4
0.8
1.3
1.6
2.7
6.4
6.4
6.4
6.4
6.4
6.4
6.4
6.7
7
7.6
7.6
9.6
23.7
24.8
24.8
24.8
24.8
24.8
24.8
24.8
24.8
24.8
24.8
24.8
24.8
24.8
24.8
24.8
24.8
24.8
24.8
24.8
24.8
24.8
24.8
24.8
24.8
24.8
24.8
24.8
24.8
24.8
24.8
24.8
24.8
24.8
24.8
24.8
24.8
24.8
24.8
24.8
24.8
24.8
24.8
24.8
24.8
24.8
24.8
24.8
24.8
24.8
24.8
24.8
24.8
24.8
24.8
24.8
24.8
24.8
24.8
24.8
24.8
24.8
24.8
26.1
26.7
27
15.1
2
2
5.2
17.3
19
19
19
19
23.8
23.7
23.7
23.7
23.7
2
5.2
7.1
19
19
19
19
19.8
23.9
23.9
23.9
2
3.8
5.2
19
19
19
19
19
23
23.6
23.6
23.6
0
2
5.2
11.1
19
19
19
19
22.9
23.7
23.7
23.7
23.7
2
4
5.2
19
19
19
19
20
23.9
23.8
23.8
0
2
5.2
9.1
19
19
19
19
20
23.9
24
24.1
24.1
0
2
5.2
10.5
19
19
19
19
22.8
23.7
23.8
23.8
23.8
23.8
0.4
2
5.2
13.8
19
19
19
19
22.9
23.9
23.9
2
2
5.2
16.3
19
19
19
19
22.8
23.8
23.8
23.8
0
2
5.2
7.9
19
19
19
19
19.9
23.6
23.4
23.4
0
2.9
0.2
0.6
0
0.1
1
0
0
0.4
2.2
0.3
3.3
0.1
1.3
0
1.2
1.1
0.2
2
0.3
1
0.4
3
0.6
1.8
1.1
1.6
4.2
1.7
2.1
0.9
1
2
1
1.1
0.6
1.9
2.3
0.3
2.8
2.7
1.3
1.1
0.1
0.9
1.1
1.9
1.9
0.9
1.6
1.2
0.2
4
1.9
1.1
1.6
2
0.7
0.2
1
0
0.1
0.2
2.6
2.2
1.8
1.5
0.1
1
0
0.2
0.3
0
0
0
0
0
0
0
0
0
0
0
0
0
0
0
0
0
0
0
0
0
0
0
0
0
0
0
0
0
0
0
0
0
0
0
0
0
0
0
0
0
0
0
0
0
0
0
0
0
0
0
0
0
0
0
0
0
0
0
0
0
0
0
0
0
0
0
0
0
0
0
0
0
0
0
0
0
0
0
0
0
0
0
0
0
0
0
0
0
0
0
0
0
0
0
0
0
0
0
0
0
0
0
0
0
0
0
0
0
0
0
0
0
0
0
0
0
0
0
0
0
0
0
0
0
0
0
0
0
0
0
0
0
0
0
0
0
0
0
0
0
0
0
0
0
0
0
0
0
0
0
0
0
0
0
0
0
0
0
0
0
0
0
0
0
0
0
0
0
0
0
0
0
0
0
0
0
0
0
0
0
0
0
0
0
0
0
0
0
0
0
0
0
0
0
0
0
0
0
0
0
0
0
0
0
0
0
0
0
0
0
0
0
0
0
0
0
0
0
0
0
0
0
0
0
0
0
0
0
0
0
0
0
0
0
0
0
0
0
0
0
0
0
0
0
0
0
0
0
0
0
0
0
0
0
0
0
0
0
0
0
0
0
0
0
0
0
0
0
0
0
0
0
0
0
0
0
0
0
0
0
0
0
0
0
0
0
0
0
0
0
0
0
0
0
0
0
0
0
